addi:0010 0000 0000 1001 0000 0000 1000 0100
        2    0    0    9    0    0    8    4
xor: 0000 0000 0000 0000 0100 0000 0010 0110
	    0    0    0    0    4    0    2    6
nor: 0000 0000 0000 0000 0100 0000 0010 0111
        0    0    0    0    4    0    2    7
lw:  1000 1101 0010 0100 1111 1111 1111 1100
        8    d    2    4    f    f    f    c
lw:  1000 1101 0010 0101 0000 0000 0000 0000
        8    d    2    5    0    0    0    0
add: 0000 0000 1000 0101 1000 1000 0010 0000
        0    0    8    5    8    8    2    0
sub: 0000 0000 1000 0101 1001 0000 0010 0010
        0    0    8    5    9    0    2    2
and: 0000 0000 1000 0101 1000 0000 0010 0100
        0    0    8    5    8    0    2    4
or:  0000 0000 1000 0101 1000 0000 0010 0101
        0    0    8    5    8    0    2    5
slt: 0000 0010 0011 0010 1000 0000 0010 1010
        0    2    3    2    8    0    2    a
slt: 0000 0001 0000 0000 1001 1000 0010 1010
        0    1    0    0    9    8    2    a
beq: 0001 0010 0110 0000 0000 0000 0000 0011
	    1    2    6    0    0    0    0    3
sw:  1010 1101 0011 0000 0000 0000 0000 0000
        a    d    3    0    0    0    0    0
addi:0010 0001 0000 1000 0000 0000 0000 0001
        2    1    0    8    0    0    0    1
j:   0000 1000 0000 0000 0000 0000 0000 0100
        0    8    0    0    0    0    0    4
beq: 0001 0000 0000 0000 1111 1111 1111 1111
        1    0    0    0    f    f    f    f